<무기확률> 20 20 10 5 10 10 1 10 1 10 1 5 1
BitShift 0 2 4 6 8 10 12 13 15 16 18 19 21
최소데미지 80 95 100 
최대데미지 80 95 100 
전체데미지 80 95 100 
퍼센트뎀쥐 90 98 100
결정타확률 50 85 100
치명타확률 50 85 100
공격속도업 5 0 0
기민제감소 80 95 100
기민제없음 5 0 0
힘제한감소 80 95 100
힘제한없음 5 0 0
렙제한감소 80 95 100
렙제한없음 1 0 0
<방어구확률> 10 10 10 10 10 1 5 1
BitShift 0 2 4 6 16 18 19 21
물리방상승 80 95 100
마법방상승 80 95 100
모두다상승 80 95 100
퍼센트상승 80 95 100
힘제한감소 80 95 100
힘제한없음 5 0 0
렙제한감소 80 95 100
렙제한없음 1 0 0
<반지확률> 100 100 100 100 100
BitShift 0 3 6 9 12
통솔력상승 60 80 90 94 97 99 100
체질이상승 60 80 90 94 97 99 100
기민성상승 60 80 90 94 97 99 100
힘또한상승 60 80 90 94 97 99 100
지혜두상승 60 80 90 94 97 99 100
<목걸이확률> 100 100 100 100
BitShift 0 3 6 9
생명력상승 75 85 90 94 97 99 100
마법력상승 75 85 90 94 97 99 100
스테미너업 75 85 90 94 97 99 100
전기력상승 75 85 90 94 97 99 100
<팔찌확률> 10 10
BitShift 0 2
현상금상승 80 95 100
경험치상승 80 95 100